攻击,3,攻击守势,1,4,0,0
攻击,3,攻击守势,1,3,1,1
攻击,3,火场怪力,2,4,0,0
攻击,3,火场怪力,2,3,1,1
攻击,3,挑战者,2,4,0,0
攻击,3,挑战者,2,3,1,1
攻击,3,怨恨,2,4,0,0
攻击,3,怨恨,2,3,1,1
攻击,3,死里逃生,1,4,0,0
攻击,3,死里逃生,1,3,1,1
攻击,3,因祸得福,1,4,0,0
攻击,3,因祸得福,1,3,1,1
攻击,3,连击,2,4,0,0
攻击,3,连击,2,3,1,1
攻击,3,看破,2,4,0,0
攻击,3,看破,2,3,1,1
攻击,3,弱点特效,2,4,0,0
攻击,3,弱点特效,2,3,1,1
攻击,3,精神抖擞,2,4,0,0
攻击,3,精神抖擞,2,3,1,1
攻击,3,火属性攻击强化,2,4,0,0
攻击,3,火属性攻击强化,2,3,1,1
攻击,3,水属性攻击强化,2,4,0,0
攻击,3,水属性攻击强化,2,3,1,1
攻击,3,冰属性攻击强化,2,4,0,0
攻击,3,冰属性攻击强化,2,3,1,1
攻击,3,雷属性攻击强化,2,4,0,0
攻击,3,雷属性攻击强化,2,3,1,1
攻击,3,龙属性攻击强化,2,4,0,0
攻击,3,龙属性攻击强化,2,3,1,1
攻击,3,超会心,1,4,0,0
攻击,3,超会心,1,3,1,1
攻击,3,会心击【属性】,2,4,0,0
攻击,3,会心击【属性】,2,3,1,1
攻击守势,2,攻击,2,4,0,0
攻击守势,2,攻击,2,3,1,1
攻击守势,2,火场怪力,2,4,0,0
攻击守势,2,火场怪力,2,3,1,1
攻击守势,2,挑战者,2,4,0,0
攻击守势,2,挑战者,2,3,1,1
攻击守势,2,怨恨,2,4,0,0
攻击守势,2,怨恨,2,3,1,1
攻击守势,2,死里逃生,1,4,0,0
攻击守势,2,死里逃生,1,3,1,1
攻击守势,2,因祸得福,1,4,0,0
攻击守势,2,因祸得福,1,3,1,1
攻击守势,2,连击,2,4,0,0
攻击守势,2,连击,2,3,1,1
攻击守势,2,看破,2,4,0,0
攻击守势,2,看破,2,3,1,1
攻击守势,2,弱点特效,2,4,0,0
攻击守势,2,弱点特效,2,3,1,1
攻击守势,2,精神抖擞,2,4,0,0
攻击守势,2,精神抖擞,2,3,1,1
攻击守势,2,火属性攻击强化,2,4,0,0
攻击守势,2,火属性攻击强化,2,3,1,1
攻击守势,2,水属性攻击强化,2,4,0,0
攻击守势,2,水属性攻击强化,2,3,1,1
攻击守势,2,冰属性攻击强化,2,4,0,0
攻击守势,2,冰属性攻击强化,2,3,1,1
攻击守势,2,雷属性攻击强化,2,4,0,0
攻击守势,2,雷属性攻击强化,2,3,1,1
攻击守势,2,龙属性攻击强化,2,4,0,0
攻击守势,2,龙属性攻击强化,2,3,1,1
攻击守势,2,超会心,1,4,0,0
攻击守势,2,超会心,1,3,1,1
攻击守势,2,会心击【属性】,2,4,0,0
攻击守势,2,会心击【属性】,2,3,1,1
火场怪力,3,攻击,2,4,0,0
火场怪力,3,攻击,2,3,1,1
火场怪力,3,攻击守势,1,4,0,0
火场怪力,3,攻击守势,1,3,1,1
火场怪力,3,挑战者,2,4,0,0
火场怪力,3,挑战者,2,3,1,1
火场怪力,3,怨恨,2,4,0,0
火场怪力,3,怨恨,2,3,1,1
火场怪力,3,死里逃生,1,4,0,0
火场怪力,3,死里逃生,1,3,1,1
火场怪力,3,因祸得福,1,4,0,0
火场怪力,3,因祸得福,1,3,1,1
火场怪力,3,连击,2,4,0,0
火场怪力,3,连击,2,3,1,1
火场怪力,3,看破,2,4,0,0
火场怪力,3,看破,2,3,1,1
火场怪力,3,弱点特效,2,4,0,0
火场怪力,3,弱点特效,2,3,1,1
火场怪力,3,精神抖擞,2,4,0,0
火场怪力,3,精神抖擞,2,3,1,1
火场怪力,3,火属性攻击强化,2,4,0,0
火场怪力,3,火属性攻击强化,2,3,1,1
火场怪力,3,水属性攻击强化,2,4,0,0
火场怪力,3,水属性攻击强化,2,3,1,1
火场怪力,3,冰属性攻击强化,2,4,0,0
火场怪力,3,冰属性攻击强化,2,3,1,1
火场怪力,3,雷属性攻击强化,2,4,0,0
火场怪力,3,雷属性攻击强化,2,3,1,1
火场怪力,3,龙属性攻击强化,2,4,0,0
火场怪力,3,龙属性攻击强化,2,3,1,1
火场怪力,3,超会心,1,4,0,0
火场怪力,3,超会心,1,3,1,1
火场怪力,3,会心击【属性】,2,4,0,0
火场怪力,3,会心击【属性】,2,3,1,1
挑战者,3,攻击,2,4,0,0
挑战者,3,攻击,2,3,1,1
挑战者,3,攻击守势,1,4,0,0
挑战者,3,攻击守势,1,3,1,1
挑战者,3,火场怪力,2,4,0,0
挑战者,3,火场怪力,2,3,1,1
挑战者,3,怨恨,2,4,0,0
挑战者,3,怨恨,2,3,1,1
挑战者,3,死里逃生,1,4,0,0
挑战者,3,死里逃生,1,3,1,1
挑战者,3,因祸得福,1,4,0,0
挑战者,3,因祸得福,1,3,1,1
挑战者,3,连击,2,4,0,0
挑战者,3,连击,2,3,1,1
挑战者,3,看破,2,4,0,0
挑战者,3,看破,2,3,1,1
挑战者,3,弱点特效,2,4,0,0
挑战者,3,弱点特效,2,3,1,1
挑战者,3,精神抖擞,2,4,0,0
挑战者,3,精神抖擞,2,3,1,1
挑战者,3,火属性攻击强化,2,4,0,0
挑战者,3,火属性攻击强化,2,3,1,1
挑战者,3,水属性攻击强化,2,4,0,0
挑战者,3,水属性攻击强化,2,3,1,1
挑战者,3,冰属性攻击强化,2,4,0,0
挑战者,3,冰属性攻击强化,2,3,1,1
挑战者,3,雷属性攻击强化,2,4,0,0
挑战者,3,雷属性攻击强化,2,3,1,1
挑战者,3,龙属性攻击强化,2,4,0,0
挑战者,3,龙属性攻击强化,2,3,1,1
挑战者,3,超会心,1,4,0,0
挑战者,3,超会心,1,3,1,1
挑战者,3,会心击【属性】,2,4,0,0
挑战者,3,会心击【属性】,2,3,1,1
怨恨,3,攻击,2,4,0,0
怨恨,3,攻击,2,3,1,1
怨恨,3,攻击守势,1,4,0,0
怨恨,3,攻击守势,1,3,1,1
怨恨,3,火场怪力,2,4,0,0
怨恨,3,火场怪力,2,3,1,1
怨恨,3,挑战者,2,4,0,0
怨恨,3,挑战者,2,3,1,1
怨恨,3,死里逃生,1,4,0,0
怨恨,3,死里逃生,1,3,1,1
怨恨,3,因祸得福,1,4,0,0
怨恨,3,因祸得福,1,3,1,1
怨恨,3,连击,2,4,0,0
怨恨,3,连击,2,3,1,1
怨恨,3,看破,2,4,0,0
怨恨,3,看破,2,3,1,1
怨恨,3,弱点特效,2,4,0,0
怨恨,3,弱点特效,2,3,1,1
怨恨,3,精神抖擞,2,4,0,0
怨恨,3,精神抖擞,2,3,1,1
怨恨,3,火属性攻击强化,2,4,0,0
怨恨,3,火属性攻击强化,2,3,1,1
怨恨,3,水属性攻击强化,2,4,0,0
怨恨,3,水属性攻击强化,2,3,1,1
怨恨,3,冰属性攻击强化,2,4,0,0
怨恨,3,冰属性攻击强化,2,3,1,1
怨恨,3,雷属性攻击强化,2,4,0,0
怨恨,3,雷属性攻击强化,2,3,1,1
怨恨,3,龙属性攻击强化,2,4,0,0
怨恨,3,龙属性攻击强化,2,3,1,1
怨恨,3,超会心,1,4,0,0
怨恨,3,超会心,1,3,1,1
怨恨,3,会心击【属性】,2,4,0,0
怨恨,3,会心击【属性】,2,3,1,1
死里逃生,2,攻击,2,4,0,0
死里逃生,2,攻击,2,3,1,1
死里逃生,2,攻击守势,1,4,0,0
死里逃生,2,攻击守势,1,3,1,1
死里逃生,2,火场怪力,2,4,0,0
死里逃生,2,火场怪力,2,3,1,1
死里逃生,2,挑战者,2,4,0,0
死里逃生,2,挑战者,2,3,1,1
死里逃生,2,怨恨,2,4,0,0
死里逃生,2,怨恨,2,3,1,1
死里逃生,2,因祸得福,1,4,0,0
死里逃生,2,因祸得福,1,3,1,1
死里逃生,2,连击,2,4,0,0
死里逃生,2,连击,2,3,1,1
死里逃生,2,看破,2,4,0,0
死里逃生,2,看破,2,3,1,1
死里逃生,2,弱点特效,2,4,0,0
死里逃生,2,弱点特效,2,3,1,1
死里逃生,2,精神抖擞,2,4,0,0
死里逃生,2,精神抖擞,2,3,1,1
死里逃生,2,火属性攻击强化,2,4,0,0
死里逃生,2,火属性攻击强化,2,3,1,1
死里逃生,2,水属性攻击强化,2,4,0,0
死里逃生,2,水属性攻击强化,2,3,1,1
死里逃生,2,冰属性攻击强化,2,4,0,0
死里逃生,2,冰属性攻击强化,2,3,1,1
死里逃生,2,雷属性攻击强化,2,4,0,0
死里逃生,2,雷属性攻击强化,2,3,1,1
死里逃生,2,龙属性攻击强化,2,4,0,0
死里逃生,2,龙属性攻击强化,2,3,1,1
死里逃生,2,超会心,1,4,0,0
死里逃生,2,超会心,1,3,1,1
死里逃生,2,会心击【属性】,2,4,0,0
死里逃生,2,会心击【属性】,2,3,1,1
因祸得福,2,攻击,2,4,0,0
因祸得福,2,攻击,2,3,1,1
因祸得福,2,攻击守势,1,4,0,0
因祸得福,2,攻击守势,1,3,1,1
因祸得福,2,火场怪力,2,4,0,0
因祸得福,2,火场怪力,2,3,1,1
因祸得福,2,挑战者,2,4,0,0
因祸得福,2,挑战者,2,3,1,1
因祸得福,2,怨恨,2,4,0,0
因祸得福,2,怨恨,2,3,1,1
因祸得福,2,死里逃生,1,4,0,0
因祸得福,2,死里逃生,1,3,1,1
因祸得福,2,连击,2,4,0,0
因祸得福,2,连击,2,3,1,1
因祸得福,2,看破,2,4,0,0
因祸得福,2,看破,2,3,1,1
因祸得福,2,弱点特效,2,4,0,0
因祸得福,2,弱点特效,2,3,1,1
因祸得福,2,精神抖擞,2,4,0,0
因祸得福,2,精神抖擞,2,3,1,1
因祸得福,2,火属性攻击强化,2,4,0,0
因祸得福,2,火属性攻击强化,2,3,1,1
因祸得福,2,水属性攻击强化,2,4,0,0
因祸得福,2,水属性攻击强化,2,3,1,1
因祸得福,2,冰属性攻击强化,2,4,0,0
因祸得福,2,冰属性攻击强化,2,3,1,1
因祸得福,2,雷属性攻击强化,2,4,0,0
因祸得福,2,雷属性攻击强化,2,3,1,1
因祸得福,2,龙属性攻击强化,2,4,0,0
因祸得福,2,龙属性攻击强化,2,3,1,1
因祸得福,2,超会心,1,4,0,0
因祸得福,2,超会心,1,3,1,1
因祸得福,2,会心击【属性】,2,4,0,0
因祸得福,2,会心击【属性】,2,3,1,1
连击,2,攻击,2,4,0,0
连击,2,攻击,2,3,1,1
连击,2,攻击守势,1,4,0,0
连击,2,攻击守势,1,3,1,1
连击,2,火场怪力,2,4,0,0
连击,2,火场怪力,2,3,1,1
连击,2,挑战者,2,4,0,0
连击,2,挑战者,2,3,1,1
连击,2,怨恨,2,4,0,0
连击,2,怨恨,2,3,1,1
连击,2,死里逃生,1,4,0,0
连击,2,死里逃生,1,3,1,1
连击,2,因祸得福,1,4,0,0
连击,2,因祸得福,1,3,1,1
连击,2,看破,2,4,0,0
连击,2,看破,2,3,1,1
连击,2,弱点特效,2,4,0,0
连击,2,弱点特效,2,3,1,1
连击,2,精神抖擞,2,4,0,0
连击,2,精神抖擞,2,3,1,1
连击,2,火属性攻击强化,2,4,0,0
连击,2,火属性攻击强化,2,3,1,1
连击,2,水属性攻击强化,2,4,0,0
连击,2,水属性攻击强化,2,3,1,1
连击,2,冰属性攻击强化,2,4,0,0
连击,2,冰属性攻击强化,2,3,1,1
连击,2,雷属性攻击强化,2,4,0,0
连击,2,雷属性攻击强化,2,3,1,1
连击,2,龙属性攻击强化,2,4,0,0
连击,2,龙属性攻击强化,2,3,1,1
连击,2,超会心,1,4,0,0
连击,2,超会心,1,3,1,1
连击,2,会心击【属性】,2,4,0,0
连击,2,会心击【属性】,2,3,1,1
看破,3,攻击,2,4,0,0
看破,3,攻击,2,3,1,1
看破,3,攻击守势,1,4,0,0
看破,3,攻击守势,1,3,1,1
看破,3,火场怪力,2,4,0,0
看破,3,火场怪力,2,3,1,1
看破,3,挑战者,2,4,0,0
看破,3,挑战者,2,3,1,1
看破,3,怨恨,2,4,0,0
看破,3,怨恨,2,3,1,1
看破,3,死里逃生,1,4,0,0
看破,3,死里逃生,1,3,1,1
看破,3,因祸得福,1,4,0,0
看破,3,因祸得福,1,3,1,1
看破,3,连击,2,4,0,0
看破,3,连击,2,3,1,1
看破,3,弱点特效,2,4,0,0
看破,3,弱点特效,2,3,1,1
看破,3,精神抖擞,2,4,0,0
看破,3,精神抖擞,2,3,1,1
看破,3,火属性攻击强化,2,4,0,0
看破,3,火属性攻击强化,2,3,1,1
看破,3,水属性攻击强化,2,4,0,0
看破,3,水属性攻击强化,2,3,1,1
看破,3,冰属性攻击强化,2,4,0,0
看破,3,冰属性攻击强化,2,3,1,1
看破,3,雷属性攻击强化,2,4,0,0
看破,3,雷属性攻击强化,2,3,1,1
看破,3,龙属性攻击强化,2,4,0,0
看破,3,龙属性攻击强化,2,3,1,1
看破,3,超会心,1,4,0,0
看破,3,超会心,1,3,1,1
看破,3,会心击【属性】,2,4,0,0
看破,3,会心击【属性】,2,3,1,1
弱点特效,2,攻击,2,4,0,0
弱点特效,2,攻击,2,3,1,1
弱点特效,2,攻击守势,1,4,0,0
弱点特效,2,攻击守势,1,3,1,1
弱点特效,2,火场怪力,2,4,0,0
弱点特效,2,火场怪力,2,3,1,1
弱点特效,2,挑战者,2,4,0,0
弱点特效,2,挑战者,2,3,1,1
弱点特效,2,怨恨,2,4,0,0
弱点特效,2,怨恨,2,3,1,1
弱点特效,2,死里逃生,1,4,0,0
弱点特效,2,死里逃生,1,3,1,1
弱点特效,2,因祸得福,1,4,0,0
弱点特效,2,因祸得福,1,3,1,1
弱点特效,2,连击,2,4,0,0
弱点特效,2,连击,2,3,1,1
弱点特效,2,看破,2,4,0,0
弱点特效,2,看破,2,3,1,1
弱点特效,2,精神抖擞,2,4,0,0
弱点特效,2,精神抖擞,2,3,1,1
弱点特效,2,火属性攻击强化,2,4,0,0
弱点特效,2,火属性攻击强化,2,3,1,1
弱点特效,2,水属性攻击强化,2,4,0,0
弱点特效,2,水属性攻击强化,2,3,1,1
弱点特效,2,冰属性攻击强化,2,4,0,0
弱点特效,2,冰属性攻击强化,2,3,1,1
弱点特效,2,雷属性攻击强化,2,4,0,0
弱点特效,2,雷属性攻击强化,2,3,1,1
弱点特效,2,龙属性攻击强化,2,4,0,0
弱点特效,2,龙属性攻击强化,2,3,1,1
弱点特效,2,超会心,1,4,0,0
弱点特效,2,超会心,1,3,1,1
弱点特效,2,会心击【属性】,2,4,0,0
弱点特效,2,会心击【属性】,2,3,1,1
精神抖擞,2,攻击,2,4,0,0
精神抖擞,2,攻击,2,3,1,1
精神抖擞,2,攻击守势,1,4,0,0
精神抖擞,2,攻击守势,1,3,1,1
精神抖擞,2,火场怪力,2,4,0,0
精神抖擞,2,火场怪力,2,3,1,1
精神抖擞,2,挑战者,2,4,0,0
精神抖擞,2,挑战者,2,3,1,1
精神抖擞,2,怨恨,2,4,0,0
精神抖擞,2,怨恨,2,3,1,1
精神抖擞,2,死里逃生,1,4,0,0
精神抖擞,2,死里逃生,1,3,1,1
精神抖擞,2,因祸得福,1,4,0,0
精神抖擞,2,因祸得福,1,3,1,1
精神抖擞,2,连击,2,4,0,0
精神抖擞,2,连击,2,3,1,1
精神抖擞,2,看破,2,4,0,0
精神抖擞,2,看破,2,3,1,1
精神抖擞,2,弱点特效,2,4,0,0
精神抖擞,2,弱点特效,2,3,1,1
精神抖擞,2,火属性攻击强化,2,4,0,0
精神抖擞,2,火属性攻击强化,2,3,1,1
精神抖擞,2,水属性攻击强化,2,4,0,0
精神抖擞,2,水属性攻击强化,2,3,1,1
精神抖擞,2,冰属性攻击强化,2,4,0,0
精神抖擞,2,冰属性攻击强化,2,3,1,1
精神抖擞,2,雷属性攻击强化,2,4,0,0
精神抖擞,2,雷属性攻击强化,2,3,1,1
精神抖擞,2,龙属性攻击强化,2,4,0,0
精神抖擞,2,龙属性攻击强化,2,3,1,1
精神抖擞,2,超会心,1,4,0,0
精神抖擞,2,超会心,1,3,1,1
精神抖擞,2,会心击【属性】,2,4,0,0
精神抖擞,2,会心击【属性】,2,3,1,1
火属性攻击强化,3,攻击,2,3,1,1
火属性攻击强化,3,攻击守势,1,3,1,1
火属性攻击强化,3,火场怪力,2,3,1,1
火属性攻击强化,3,挑战者,2,3,1,1
火属性攻击强化,3,怨恨,2,3,1,1
火属性攻击强化,3,死里逃生,1,3,1,1
火属性攻击强化,3,看破,2,3,1,1
火属性攻击强化,3,弱点特效,2,3,1,1
火属性攻击强化,3,精神抖擞,2,3,1,1
火属性攻击强化,3,水属性攻击强化,2,3,2,1
火属性攻击强化,3,冰属性攻击强化,2,3,2,1
火属性攻击强化,3,雷属性攻击强化,2,3,2,1
火属性攻击强化,3,龙属性攻击强化,2,3,2,1
火属性攻击强化,3,超会心,1,3,1,1
火属性攻击强化,3,会心击【属性】,2,3,1,1
水属性攻击强化,3,攻击,2,3,1,1
水属性攻击强化,3,攻击守势,1,3,1,1
水属性攻击强化,3,火场怪力,2,3,1,1
水属性攻击强化,3,挑战者,2,3,1,1
水属性攻击强化,3,怨恨,2,3,1,1
水属性攻击强化,3,死里逃生,1,3,1,1
水属性攻击强化,3,看破,2,3,1,1
水属性攻击强化,3,弱点特效,2,3,1,1
水属性攻击强化,3,精神抖擞,2,3,1,1
水属性攻击强化,3,火属性攻击强化,2,3,2,1
水属性攻击强化,3,冰属性攻击强化,2,3,2,1
水属性攻击强化,3,雷属性攻击强化,2,3,2,1
水属性攻击强化,3,龙属性攻击强化,2,3,2,1
水属性攻击强化,3,超会心,1,3,1,1
水属性攻击强化,3,会心击【属性】,2,3,1,1
冰属性攻击强化,3,攻击,2,3,1,1
冰属性攻击强化,3,攻击守势,1,3,1,1
冰属性攻击强化,3,火场怪力,2,3,1,1
冰属性攻击强化,3,挑战者,2,3,1,1
冰属性攻击强化,3,怨恨,2,3,1,1
冰属性攻击强化,3,死里逃生,1,3,1,1
冰属性攻击强化,3,看破,2,3,1,1
冰属性攻击强化,3,弱点特效,2,3,1,1
冰属性攻击强化,3,精神抖擞,2,3,1,1
冰属性攻击强化,3,火属性攻击强化,2,3,2,1
冰属性攻击强化,3,水属性攻击强化,2,3,2,1
冰属性攻击强化,3,雷属性攻击强化,2,3,2,1
冰属性攻击强化,3,龙属性攻击强化,2,3,2,1
冰属性攻击强化,3,超会心,1,3,1,1
冰属性攻击强化,3,会心击【属性】,2,3,1,1
雷属性攻击强化,3,攻击,2,3,1,1
雷属性攻击强化,3,攻击守势,1,3,1,1
雷属性攻击强化,3,火场怪力,2,3,1,1
雷属性攻击强化,3,挑战者,2,3,1,1
雷属性攻击强化,3,怨恨,2,3,1,1
雷属性攻击强化,3,死里逃生,1,3,1,1
雷属性攻击强化,3,看破,2,3,1,1
雷属性攻击强化,3,弱点特效,2,3,1,1
雷属性攻击强化,3,精神抖擞,2,3,1,1
雷属性攻击强化,3,火属性攻击强化,2,3,2,1
雷属性攻击强化,3,水属性攻击强化,2,3,2,1
雷属性攻击强化,3,冰属性攻击强化,2,3,2,1
雷属性攻击强化,3,龙属性攻击强化,2,3,2,1
雷属性攻击强化,3,超会心,1,3,1,1
雷属性攻击强化,3,会心击【属性】,2,3,1,1
龙属性攻击强化,3,攻击,2,3,1,1
龙属性攻击强化,3,攻击守势,1,3,1,1
龙属性攻击强化,3,火场怪力,2,3,1,1
龙属性攻击强化,3,挑战者,2,3,1,1
龙属性攻击强化,3,怨恨,2,3,1,1
龙属性攻击强化,3,死里逃生,1,3,1,1
龙属性攻击强化,3,看破,2,3,1,1
龙属性攻击强化,3,弱点特效,2,3,1,1
龙属性攻击强化,3,精神抖擞,2,3,1,1
龙属性攻击强化,3,火属性攻击强化,2,3,2,1
龙属性攻击强化,3,水属性攻击强化,2,3,2,1
龙属性攻击强化,3,冰属性攻击强化,2,3,2,1
龙属性攻击强化,3,雷属性攻击强化,2,3,2,1
龙属性攻击强化,3,超会心,1,3,1,1
龙属性攻击强化,3,会心击【属性】,2,3,1,1
超会心,2,攻击,2,4,0,0
超会心,2,攻击,2,3,1,1
超会心,2,攻击守势,1,4,0,0
超会心,2,攻击守势,1,3,1,1
超会心,2,火场怪力,2,4,0,0
超会心,2,火场怪力,2,3,1,1
超会心,2,挑战者,2,4,0,0
超会心,2,挑战者,2,3,1,1
超会心,2,怨恨,2,4,0,0
超会心,2,怨恨,2,3,1,1
超会心,2,死里逃生,1,4,0,0
超会心,2,死里逃生,1,3,1,1
超会心,2,因祸得福,1,4,0,0
超会心,2,因祸得福,1,3,1,1
超会心,2,连击,2,4,0,0
超会心,2,连击,2,3,1,1
超会心,2,看破,2,4,0,0
超会心,2,看破,2,3,1,1
超会心,2,弱点特效,2,4,0,0
超会心,2,弱点特效,2,3,1,1
超会心,2,精神抖擞,2,4,0,0
超会心,2,精神抖擞,2,3,1,1
超会心,2,火属性攻击强化,2,4,0,0
超会心,2,火属性攻击强化,2,3,1,1
超会心,2,水属性攻击强化,2,4,0,0
超会心,2,水属性攻击强化,2,3,1,1
超会心,2,冰属性攻击强化,2,4,0,0
超会心,2,冰属性攻击强化,2,3,1,1
超会心,2,雷属性攻击强化,2,4,0,0
超会心,2,雷属性攻击强化,2,3,1,1
超会心,2,龙属性攻击强化,2,4,0,0
超会心,2,龙属性攻击强化,2,3,1,1
超会心,2,会心击【属性】,2,4,0,0
超会心,2,会心击【属性】,2,3,1,1
会心击【属性】,2,攻击,2,4,0,0
会心击【属性】,2,攻击,2,3,1,1
会心击【属性】,2,攻击守势,1,4,0,0
会心击【属性】,2,攻击守势,1,3,1,1
会心击【属性】,2,火场怪力,2,4,0,0
会心击【属性】,2,火场怪力,2,3,1,1
会心击【属性】,2,挑战者,2,4,0,0
会心击【属性】,2,挑战者,2,3,1,1
会心击【属性】,2,怨恨,2,4,0,0
会心击【属性】,2,怨恨,2,3,1,1
会心击【属性】,2,死里逃生,1,4,0,0
会心击【属性】,2,死里逃生,1,3,1,1
会心击【属性】,2,因祸得福,1,4,0,0
会心击【属性】,2,因祸得福,1,3,1,1
会心击【属性】,2,连击,2,4,0,0
会心击【属性】,2,连击,2,3,1,1
会心击【属性】,2,看破,2,4,0,0
会心击【属性】,2,看破,2,3,1,1
会心击【属性】,2,弱点特效,2,4,0,0
会心击【属性】,2,弱点特效,2,3,1,1
会心击【属性】,2,精神抖擞,2,4,0,0
会心击【属性】,2,精神抖擞,2,3,1,1
会心击【属性】,2,火属性攻击强化,2,4,0,0
会心击【属性】,2,火属性攻击强化,2,3,1,1
会心击【属性】,2,水属性攻击强化,2,4,0,0
会心击【属性】,2,水属性攻击强化,2,3,1,1
会心击【属性】,2,冰属性攻击强化,2,4,0,0
会心击【属性】,2,冰属性攻击强化,2,3,1,1
会心击【属性】,2,雷属性攻击强化,2,4,0,0
会心击【属性】,2,雷属性攻击强化,2,3,1,1
会心击【属性】,2,龙属性攻击强化,2,4,0,0
会心击【属性】,2,龙属性攻击强化,2,3,1,1
会心击【属性】,2,超会心,1,4,0,0
会心击【属性】,2,超会心,1,3,1,1
